kmax=3
(1,3),(3,-1),(0,-10)
(0,1),(1,0),(0,-1)
(1,1),(1,-1),(0,-2)
(1,1),(1,-1),(0,-2)
(2,1),(1,-2),(0,-5)
(5,1),(1,-5),(0,-26)
(2,3),(3,-2),(0,-13)
(3,2),(2,-3),(0,-13)
(0,1),(1,0),(0,-1)
(1,2),(2,-1),(0,-5)
(1,0),(0,-1),(0,-1)
(1,5),(5,-1),(0,-26)
(1,1),(1,-1),(0,-2)
(1,1),(1,-1),(0,-2)
(3,1),(1,-3),(0,-10)
(1,0),(1,0),(2,3),(3,-2),(0,-13)
(1,0),(0,-1),(0,-1)
(1,0),(3,-2),(3,-1),(1,-3),(2,-36)
(1,0),(1,-3),(2,-3),(1,-3),(2,-36)
(1,0),(2,-1),(3,-1),(1,-5),(2,-36)
(1,0),(5,1),(2,1),(1,-3),(2,-36)
(1,0),(3,1),(1,3),(3,-2),(2,-36)
(1,0),(2,-1),(3,2),(2,-1),(1,-18)
(1,0),(2,3),(1,3),(1,-3),(2,-36)
(1,0),(1,2),(1,5),(1,-3),(2,-36)
(1,0),(3,-2),(2,1),(2,-1),(1,-18)
(1,0),(5,1),(1,3),(2,-1),(2,-36)
(1,0),(5,-1),(2,3),(3,-1),(4,-58)
(1,0),(2,-3),(3,1),(5,-1),(4,-58)
(1,0),(3,-1),(5,1),(2,-3),(4,-58)
(1,0),(5,-1),(1,2),(5,-1),(4,-58)
(1,0),(1,-2),(5,1),(5,-1),(4,-58)
(1,0),(3,2),(2,3),(1,-2),(2,-29)
(1,0),(1,-5),(2,-3),(1,-2),(3,-41)
(1,0),(5,1),(1,2),(3,-2),(3,-41)
(1,0),(1,3),(1,5),(1,-5),(6,-82)
(1,0),(3,-2),(2,-1),(1,-5),(3,-41)
(1,0),(3,-1),(5,-1),(1,-5),(6,-82)
(1,0),(5,1),(3,1),(1,-5),(6,-82)
(1,0),(1,-2),(5,-1),(3,-2),(3,-41)
(1,0),(3,-2),(3,1),(3,-2),(3,-41)
(1,0),(3,-2),(3,2),(3,-1),(3,-41)
(1,0),(1,-2),(2,-3),(1,-5),(3,-41)
(1,0),(5,-1),(2,1),(1,-1),(2,-16)
(1,3),(5,-1),(2,-16)
(2,1),(2,-3),(1,-8)
(5,1),(1,-3),(2,-16)
(1,0),(1,5),(0,1),(1,-3),(2,-16)
(1,0),(1,-3),(3,-2),(1,-1),(2,-16)
(1,0),(2,-3),(1,-2),(0,-1),(1,-8)
(1,0),(1,-3),(5,1),(1,0),(2,-16)
(1,0),(2,-3),(3,-1),(1,-1),(2,-16)
(1,0),(2,-1),(3,-2),(0,-1),(1,-8)
(1,0),(1,0),(2,3),(2,-1),(1,-8)
(1,0),(2,-1),(5,1),(1,-1),(2,-16)
(1,0),(1,-1),(2,1),(5,-1),(2,-16)
(2,3),(2,-1),(1,-8)
(1,2),(3,-1),(1,-7)
(1,0),(1,-2),(1,0),(3,-1),(1,-7)
(3,1),(1,-2),(1,-7)
(1,0),(3,1),(1,3),(2,-1),(4,-22)
(1,0),(3,2),(2,3),(2,-3),(9,-46)
(1,0),(2,-1),(5,-1),(1,-2),(5,-25)
(5,-1),(0,-1),(1,-5)
(1,0),(1,-5),(1,-5)
(1,1),(3,-2),(1,-5)
(1,1),(3,-2),(1,-5)
(1,5),(1,0),(1,-5)
(1,5),(1,0),(1,-5)
(0,1),(5,1),(1,-5)
(3,2),(1,-1),(1,-5)
(1,0),(1,-5),(1,-5)
(1,0),(3,-2),(2,-1),(1,-3),(5,-25)
(1,0),(3,-1),(3,2),(2,-1),(5,-25)
(1,0),(1,-3),(2,-3),(1,-2),(5,-25)
(1,0),(5,1),(1,2),(2,-1),(5,-25)
(1,0),(1,-2),(5,-1),(2,-1),(5,-25)
(1,0),(2,3),(1,3),(1,-2),(5,-25)
(1,0),(1,-3),(5,-1),(3,-1),(10,-50)
(1,0),(3,-1),(5,-1),(1,-3),(10,-50)
(1,0),(5,1),(3,1),(1,-3),(10,-50)
(1,0),(3,1),(3,2),(1,-2),(5,-25)
(1,0),(1,0),(1,5),(1,0),(1,-5)
(1,0),(1,-2),(2,-3),(1,-3),(5,-25)
(1,0),(1,2),(1,5),(1,-2),(5,-25)
(1,0),(3,-2),(3,-1),(1,-2),(5,-25)
(1,0),(2,1),(3,2),(1,-3),(5,-25)
(1,0),(1,-5),(3,-1),(3,-1),(10,-50)
(1,0),(2,-1),(3,2),(3,-1),(5,-25)
(1,0),(1,-5),(2,-3),(2,-3),(13,-65)
(1,0),(1,3),(1,5),(1,-3),(10,-50)
(1,0),(1,-5),(1,-3),(1,-3),(10,-50)
(3,2),(1,-1),(1,-5)
(5,1),(1,-2),(3,-11)
(1,0),(3,-1),(5,1),(1,-1),(6,-22)
(1,0),(5,-1),(1,2),(1,0),(3,-11)
(1,0),(3,-1),(3,-2),(0,-1),(3,-11)
(1,0),(1,5),(0,1),(1,-2),(3,-11)
(1,0),(3,-1),(5,1),(1,-1),(6,-22)
(1,0),(3,2),(3,1),(0,-1),(3,-11)
(1,0),(1,-2),(3,-2),(1,-1),(3,-11)
(1,0),(2,-3),(3,1),(1,0),(3,-11)
(3,1),(2,-3),(3,-11)
(1,2),(5,-1),(3,-11)
(1,0),(1,-2),(1,-5),(0,-1),(3,-11)
(1,0),(2,-3),(3,1),(1,0),(3,-11)
(1,0),(1,3),(2,3),(0,-1),(3,-11)
(1,0),(1,0),(2,3),(3,-1),(3,-11)
(1,0),(1,-2),(5,1),(1,0),(3,-11)
(1,0),(2,-3),(1,-3),(0,-1),(3,-11)
(1,0),(1,0),(3,1),(2,-3),(3,-11)
(2,3),(3,-1),(3,-11)
(1,0),(3,1),(2,3),(3,-2),(13,-39)
(1,0),(5,-1),(2,1),(3,-2),(13,-39)
(1,0),(1,-3),(1,-3)
(2,1),(1,-1),(1,-3)
(2,1),(1,-1),(1,-3)
(1,0),(1,-3),(1,-3)
(0,1),(3,1),(1,-3)
(1,3),(1,0),(1,-3)
(1,3),(1,0),(1,-3)
(1,1),(2,-1),(1,-3)
(3,-1),(0,-1),(1,-3)
(1,0),(1,5),(1,3),(1,-5),(26,-78)
(1,0),(1,2),(1,5),(2,-3),(13,-39)
(1,0),(2,-3),(1,-2),(1,-5),(13,-39)
(1,0),(0,-1),(1,0),(3,1),(1,-3)
(1,0),(3,-2),(2,1),(5,-1),(13,-39)
(1,0),(5,-1),(1,3),(5,1),(26,-78)
(1,0),(2,-1),(3,-2),(1,-5),(13,-39)
(1,0),(5,1),(2,1),(2,-3),(13,-39)
(1,0),(5,1),(1,3),(5,-1),(26,-78)
(1,0),(3,2),(1,3),(3,-2),(13,-39)
(1,0),(2,-1),(5,-1),(2,-3),(13,-39)
(1,0),(2,3),(1,3),(2,-3),(13,-39)
(1,0),(2,-1),(5,1),(3,-2),(13,-39)
(1,0),(3,-2),(3,-1),(2,-3),(13,-39)
(1,0),(3,1),(5,1),(1,-5),(26,-78)
(1,1),(2,-1),(1,-3)
(1,0),(3,-1),(3,1),(3,-2),(12,-34)
(1,0),(1,-2),(1,-3),(1,-5),(12,-34)
(1,0),(1,-2),(2,-3),(1,-2),(6,-17)
(1,0),(3,-1),(3,2),(3,-1),(12,-34)
(1,0),(1,-5),(1,-3),(1,-2),(12,-34)
(1,0),(2,1),(3,2),(1,-2),(6,-17)
(1,0),(1,-2),(3,1),(5,1),(12,-34)
(1,0),(3,-2),(2,-1),(1,-2),(6,-17)
(1,0),(3,-1),(5,-1),(1,-2),(12,-34)
(1,0),(5,1),(1,2),(3,-1),(12,-34)
(5,1),(2,-3),(7,-17)
(2,3),(5,-1),(7,-17)
(1,0),(3,2),(2,3),(1,-1),(7,-17)
(1,0),(1,-5),(2,-3),(1,-1),(10,-24)
(1,5),(5,1),(10,-24)
(5,-1),(1,-5),(10,-24)
(3,2),(3,-2),(5,-12)
(1,0),(2,-3),(3,-1),(2,-1),(11,-23)
(1,0),(2,-1),(3,-1),(2,-3),(11,-23)
(1,0),(1,-3),(5,1),(3,1),(22,-46)
(1,0),(5,-1),(2,1),(2,-1),(11,-23)
(1,0),(3,1),(1,3),(5,-1),(22,-46)
(1,0),(1,0),(3,1),(1,-1),(2,-4)
(1,0),(3,-2),(2,-1),(2,-3),(13,-26)
(1,1),(3,-1),(2,-4)
(1,0),(1,-2),(1,-2)
(1,1),(3,-1),(2,-4)
(1,0),(3,-1),(3,1),(2,-1),(10,-20)
(1,0),(5,-1),(1,2),(5,1),(26,-52)
(3,1),(1,-1),(2,-4)
(1,0),(1,5),(1,2),(1,-5),(26,-52)
(3,1),(1,-1),(2,-4)
(2,-1),(0,-1),(1,-2)
(1,2),(1,0),(1,-2)
(0,1),(2,1),(1,-2)
(1,2),(1,0),(1,-2)
(1,0),(3,-2),(3,1),(5,-1),(26,-52)
(1,0),(0,-1),(1,0),(2,1),(1,-2)
(1,0),(1,-5),(1,-3),(2,-3),(26,-52)
(1,0),(1,3),(1,5),(2,-3),(26,-52)
(1,0),(2,-3),(1,-3),(1,-5),(26,-52)
(1,0),(5,1),(3,1),(2,-3),(26,-52)
(1,0),(1,-2),(2,-3),(2,-3),(13,-26)
(1,0),(5,1),(1,2),(5,-1),(26,-52)
(1,0),(3,-1),(5,1),(3,-2),(26,-52)
(1,0),(5,-1),(3,1),(3,-2),(26,-52)
(1,0),(1,-2),(1,-3),(1,-3),(10,-20)
(1,0),(1,-2),(1,-2)
(3,2),(2,-1),(4,-7)
(2,1),(3,-2),(4,-7)
(1,3),(5,1),(8,-14)
(1,0),(3,-2),(1,-2),(0,-1),(4,-7)
(1,0),(3,-2),(3,-1),(1,-1),(8,-14)
(1,0),(1,2),(1,1),(1,-5),(8,-14)
(1,0),(3,-2),(3,-1),(1,-1),(8,-14)
(1,0),(1,2),(1,5),(1,-1),(8,-14)
(5,-1),(1,-3),(8,-14)
(3,-1),(1,-5),(8,-14)
(1,5),(3,1),(8,-14)
(1,0),(1,-1),(2,-3),(1,-3),(8,-14)
(1,0),(1,0),(2,1),(3,-2),(4,-7)
(1,0),(5,1),(2,1),(1,-1),(8,-14)
(1,0),(2,-1),(2,-3),(0,-1),(4,-7)
(1,0),(5,1),(2,1),(1,-1),(8,-14)
(1,0),(1,2),(3,2),(0,-1),(4,-7)
(1,0),(5,1),(1,3),(1,0),(8,-14)
(1,0),(1,-3),(5,-1),(1,0),(8,-14)
(1,0),(2,3),(1,3),(1,-1),(8,-14)
(1,0),(2,-1),(3,2),(1,0),(4,-7)
(1,0),(3,-2),(2,1),(1,0),(4,-7)
(1,0),(2,-1),(3,2),(1,0),(4,-7)
(1,0),(2,3),(1,3),(1,-1),(8,-14)
(1,0),(1,-3),(2,-3),(1,-1),(8,-14)
(1,0),(1,-5),(1,-1),(2,-1),(8,-14)
(1,0),(1,-3),(2,-3),(1,-1),(8,-14)
(1,0),(2,3),(2,1),(0,-1),(4,-7)
(1,0),(2,-1),(5,-1),(1,-1),(8,-14)
(1,0),(1,-2),(3,-2),(2,-1),(10,-15)
(5,1),(1,-1),(4,-6)
(1,0),(3,-1),(3,-2),(1,-3),(20,-30)
(1,0),(1,-3),(5,1),(2,1),(20,-30)
(1,0),(1,-2),(5,1),(3,1),(20,-30)
(1,0),(3,2),(1,0),(0,-1),(2,-3)
(1,0),(2,-1),(3,-2),(1,-2),(10,-15)
(1,0),(1,0),(1,0),(2,-3),(2,-3)
(1,0),(1,-2),(1,-5),(1,-3),(20,-30)
(1,0),(1,5),(0,1),(1,-1),(4,-6)
(1,0),(3,2),(1,3),(3,-1),(20,-30)
(1,0),(1,3),(2,3),(1,-3),(20,-30)
(1,0),(2,-1),(5,1),(3,-1),(20,-30)
(1,0),(2,-3),(3,-1),(3,-1),(20,-30)
(1,0),(3,1),(5,1),(1,-2),(20,-30)
(1,0),(5,-1),(3,1),(2,-1),(20,-30)
(1,0),(3,1),(2,3),(3,-1),(20,-30)
(1,0),(5,-1),(3,-2),(1,-5),(52,-78)
(5,1),(1,-1),(4,-6)
(1,0),(2,-3),(2,-3)
(2,3),(1,0),(2,-3)
(3,-2),(0,-1),(2,-3)
(2,3),(1,0),(2,-3)
(1,0),(2,-3),(2,-3)
(1,1),(5,-1),(4,-6)
(0,1),(3,2),(2,-3)
(1,0),(5,-1),(1,2),(3,1),(20,-30)
(1,1),(5,-1),(4,-6)
(1,0),(1,5),(1,3),(1,-2),(20,-30)
(1,0),(3,-2),(3,2),(5,1),(37,-55)
(1,0),(1,-2),(3,1),(2,1),(9,-13)
(1,0),(1,2),(1,1),(1,-3),(6,-8)
(1,3),(3,1),(6,-8)
(3,-1),(1,-3),(6,-8)
(2,1),(2,-1),(3,-4)
(1,0),(3,-2),(3,1),(1,0),(7,-9)
(5,-1),(1,-2),(7,-9)
(2,-1),(1,-5),(7,-9)
(3,1),(3,-2),(7,-9)
(1,2),(5,1),(7,-9)
(1,5),(2,1),(7,-9)
(3,2),(3,-1),(7,-9)
(1,0),(3,-1),(3,2),(1,0),(7,-9)
(1,0),(2,1),(3,2),(1,-1),(7,-9)
(1,0),(1,-5),(1,-3),(1,-1),(14,-18)
(1,0),(2,1),(3,2),(1,-1),(7,-9)
(1,0),(3,-2),(1,-3),(0,-1),(7,-9)
(1,0),(1,-2),(1,0),(5,1),(7,-9)
(1,0),(2,3),(3,1),(0,-1),(7,-9)
(1,0),(1,-5),(1,-3),(1,-1),(14,-18)
(1,0),(1,3),(1,5),(1,-1),(14,-18)
(1,0),(3,-2),(2,-1),(1,-1),(7,-9)
(1,0),(1,3),(1,5),(1,-1),(14,-18)
(1,0),(5,1),(3,1),(1,-1),(14,-18)
(1,0),(1,-2),(5,-1),(1,0),(7,-9)
(1,0),(5,1),(1,2),(1,0),(7,-9)
(1,0),(1,3),(3,2),(0,-1),(7,-9)
(1,0),(5,1),(1,2),(1,0),(7,-9)
(1,0),(3,-1),(3,2),(1,0),(7,-9)
(1,0),(3,-2),(2,-1),(1,-1),(7,-9)
(1,0),(1,-2),(5,-1),(1,0),(7,-9)
(1,0),(5,-1),(3,-2),(1,-3),(38,-44)
(1,0),(5,-1),(1,3),(3,2),(38,-44)
(1,0),(1,-3),(5,1),(3,2),(38,-44)
(1,0),(1,-3),(3,-2),(5,-1),(38,-44)
(1,0),(1,5),(1,3),(2,-3),(38,-44)
(1,0),(3,2),(2,3),(2,-1),(19,-22)
(1,0),(2,-1),(3,-2),(2,-3),(19,-22)
(1,0),(3,1),(5,1),(2,-3),(38,-44)
(1,0),(2,-3),(3,-1),(5,-1),(38,-44)
(1,0),(2,-1),(5,1),(5,-1),(38,-44)
(1,0),(1,2),(1,5),(3,-2),(27,-31)
(1,0),(3,-2),(2,1),(5,1),(27,-31)
(1,0),(1,-3),(2,-3),(3,-2),(27,-31)
(1,0),(3,-2),(2,-3),(1,-3),(27,-31)
(1,0),(2,3),(1,3),(3,-2),(27,-31)
(1,0),(5,1),(1,3),(5,1),(54,-62)
(1,0),(2,-1),(2,-3),(1,-5),(27,-31)
(1,0),(3,-2),(1,-2),(1,-5),(27,-31)
(1,0),(1,-5),(2,-3),(2,-1),(27,-31)
(1,0),(2,-1),(3,2),(5,1),(27,-31)
(1,0),(2,3),(2,1),(1,-5),(27,-31)
(1,0),(1,2),(3,2),(1,-5),(27,-31)
(1,0),(3,-1),(3,1),(5,-1),(34,-38)
(1,0),(3,2),(3,1),(1,-2),(17,-19)
(1,0),(1,-2),(3,-2),(3,-1),(17,-19)
(1,0),(2,-3),(1,-3),(1,-2),(17,-19)
(1,0),(1,-2),(1,-3),(2,-3),(17,-19)
(1,0),(5,-1),(3,1),(3,-1),(34,-38)
(1,0),(1,-2),(1,-5),(1,-2),(17,-19)
(1,0),(1,-2),(5,1),(2,1),(17,-19)
(5,1),(3,-2),(13,-13)
(2,1),(3,-1),(5,-5)
(2,3),(5,1),(13,-13)
(1,-1),(0,-1),(1,-1)
(1,1),(1,0),(1,-1)
(1,0),(1,0),(2,1),(3,-1),(5,-5)
(1,1),(1,0),(1,-1)
(1,3),(2,1),(5,-5)
(3,-2),(1,-5),(13,-13)
(0,1),(1,1),(1,-1)
(1,2),(3,1),(5,-5)
(0,1),(1,1),(1,-1)
(1,-1),(0,-1),(1,-1)
(3,-1),(1,-2),(5,-5)
(1,0),(1,-1),(1,-1)
(2,-1),(1,-3),(5,-5)
(5,-1),(2,-3),(13,-13)
(1,1),(1,0),(1,-1)
(3,1),(2,-1),(5,-5)
(1,0),(1,-1),(1,-1)
(1,0),(1,-1),(1,-1)
(1,1),(1,0),(1,-1)
(1,5),(3,2),(13,-13)
(1,0),(1,-1),(1,-1)
(3,2),(5,-1),(13,-13)
(1,0),(1,2),(1,5),(2,-1),(19,-17)
(1,0),(2,-1),(3,-1),(3,-2),(19,-17)
(1,0),(2,3),(1,3),(2,-1),(19,-17)
(1,0),(2,-1),(5,-1),(2,-1),(19,-17)
(1,0),(1,-5),(3,-1),(3,1),(38,-34)
(1,0),(3,1),(3,2),(2,-1),(19,-17)
(1,0),(3,-2),(3,-1),(2,-1),(19,-17)
(1,0),(1,-3),(2,-3),(2,-1),(19,-17)
(1,0),(3,1),(1,3),(5,1),(38,-34)
(1,0),(2,-1),(2,-3),(1,-3),(19,-17)
(1,0),(3,1),(3,-1),(1,-5),(38,-34)
(1,0),(5,-1),(1,2),(3,2),(31,-27)
(1,0),(3,-1),(5,1),(5,-1),(62,-54)
(1,0),(5,-1),(3,1),(5,-1),(62,-54)
(1,0),(1,-2),(5,1),(3,2),(31,-27)
(1,0),(5,-1),(2,3),(2,1),(31,-27)
(1,0),(1,-2),(3,-2),(5,-1),(31,-27)
(1,0),(3,2),(2,3),(3,-1),(31,-27)
(1,0),(3,2),(3,1),(2,-3),(31,-27)
(1,0),(5,-1),(3,-2),(1,-2),(31,-27)
(1,0),(1,3),(2,3),(2,-3),(31,-27)
(1,0),(1,5),(1,2),(2,-3),(31,-27)
(1,0),(3,-2),(2,-1),(3,-2),(22,-19)
(1,0),(3,-2),(2,-3),(1,-2),(22,-19)
(1,0),(1,-2),(5,-1),(5,1),(44,-38)
(1,0),(2,1),(3,2),(3,-2),(22,-19)
(1,0),(3,-2),(1,-3),(1,-5),(44,-38)
(1,0),(5,1),(2,-1),(1,-5),(44,-38)
(1,0),(1,-2),(2,-3),(3,-2),(22,-19)
(1,0),(5,1),(3,1),(3,-2),(44,-38)
(1,0),(3,-1),(5,-1),(3,-2),(44,-38)
(1,0),(5,1),(1,2),(5,1),(44,-38)
(1,0),(1,3),(1,5),(3,-2),(44,-38)
(1,0),(3,-1),(3,2),(5,1),(44,-38)
(1,0),(1,-5),(1,-3),(3,-2),(44,-38)
(1,0),(1,-5),(2,-3),(3,-1),(44,-38)
(1,0),(1,3),(3,2),(1,-5),(44,-38)
(5,1),(2,-1),(9,-7)
(1,0),(1,2),(1,1),(2,-3),(9,-7)
(3,-1),(2,-3),(9,-7)
(3,-2),(1,-3),(9,-7)
(2,3),(3,1),(9,-7)
(1,3),(3,2),(9,-7)
(1,0),(2,-3),(3,-1),(1,0),(9,-7)
(1,0),(3,1),(5,1),(1,-1),(18,-14)
(1,0),(3,2),(1,0),(1,-3),(9,-7)
(1,0),(1,-3),(3,-2),(1,0),(9,-7)
(1,0),(1,5),(0,1),(2,-1),(9,-7)
(1,0),(5,-1),(1,-2),(0,-1),(9,-7)
(1,0),(2,-1),(5,1),(1,0),(9,-7)
(2,1),(5,-1),(9,-7)
(1,0),(1,0),(2,3),(3,1),(9,-7)
(1,0),(2,-1),(3,-2),(1,-1),(9,-7)
(1,0),(2,-3),(3,-1),(1,0),(9,-7)
(1,0),(1,2),(5,1),(0,-1),(9,-7)
(1,0),(2,-3),(1,-2),(1,-1),(9,-7)
(1,0),(1,0),(2,1),(5,-1),(9,-7)
(1,0),(3,2),(3,-1),(0,-1),(9,-7)
(1,0),(3,1),(5,1),(1,-1),(18,-14)
(1,2),(2,1),(4,-3)
(3,1),(3,-1),(8,-6)
(1,0),(1,-2),(1,-3),(1,-1),(8,-6)
(2,-1),(1,-2),(4,-3)
(1,0),(3,1),(1,3),(3,1),(26,-18)
(1,0),(5,-1),(2,3),(3,2),(55,-37)
(1,0),(3,-2),(2,-1),(2,-1),(15,-10)
(5,-1),(1,-1),(6,-4)
(1,0),(2,-1),(5,-1),(3,-1),(30,-20)
(1,0),(1,-5),(1,-3),(2,-1),(30,-20)
(1,0),(1,3),(3,2),(1,-3),(30,-20)
(1,0),(3,1),(1,5),(2,1),(30,-20)
(1,0),(1,-5),(2,-3),(5,-1),(78,-52)
(1,0),(1,3),(1,5),(2,-1),(30,-20)
(1,0),(5,1),(3,1),(2,-1),(30,-20)
(1,0),(2,-1),(2,-3),(1,-2),(15,-10)
(1,0),(1,-5),(1,-1),(1,0),(6,-4)
(1,0),(2,1),(3,2),(2,-1),(15,-10)
(3,2),(1,0),(3,-2)
(1,0),(1,-3),(5,-1),(2,1),(30,-20)
(1,0),(3,-1),(5,-1),(2,-1),(30,-20)
(1,0),(1,-1),(2,-3),(1,-1),(6,-4)
(1,0),(1,2),(1,5),(3,-1),(30,-20)
(1,0),(3,-1),(3,2),(3,1),(30,-20)
(1,0),(5,1),(1,2),(3,1),(30,-20)
(1,0),(2,-1),(3,2),(2,1),(15,-10)
(1,0),(2,1),(5,-1),(1,-3),(30,-20)
(1,0),(5,1),(1,3),(2,1),(30,-20)
(1,0),(1,2),(3,2),(1,-2),(15,-10)
(1,0),(5,1),(2,1),(3,-1),(30,-20)
(1,0),(1,-2),(5,-1),(3,1),(30,-20)
(1,0),(3,1),(3,2),(3,-1),(30,-20)
(1,0),(3,-2),(3,1),(3,1),(30,-20)
(1,0),(1,-3),(2,-3),(3,-1),(30,-20)
(1,0),(1,-1),(2,-3),(1,-1),(6,-4)
(2,-3),(0,-1),(3,-2)
(1,-1),(1,-5),(6,-4)
(5,-1),(1,-1),(6,-4)
(1,0),(3,-2),(3,-2)
(1,0),(3,-2),(3,-2)
(1,0),(5,1),(2,-1),(1,-3),(30,-20)
(1,5),(1,1),(6,-4)
(1,1),(5,1),(6,-4)
(1,5),(1,1),(6,-4)
(0,1),(2,3),(3,-2)
(1,1),(5,1),(6,-4)
(1,-1),(1,-5),(6,-4)
(3,2),(1,0),(3,-2)
(1,0),(1,5),(1,2),(1,-1),(14,-8)
(1,0),(1,3),(2,3),(1,-1),(14,-8)
(3,1),(5,-1),(14,-8)
(1,2),(3,2),(7,-4)
(5,1),(3,-1),(14,-8)
(2,-1),(2,-3),(7,-4)
(2,3),(2,1),(7,-4)
(1,0),(1,5),(0,1),(3,-1),(14,-8)
(1,0),(3,-1),(1,-5),(0,-1),(14,-8)
(1,0),(1,-2),(3,-2),(1,0),(7,-4)
(1,0),(5,-1),(1,2),(1,1),(14,-8)
(1,0),(1,-2),(1,0),(3,2),(7,-4)
(1,0),(3,-1),(3,-2),(1,-1),(14,-8)
(1,0),(1,5),(3,1),(0,-1),(14,-8)
(1,0),(3,-1),(3,-2),(1,-1),(14,-8)
(1,0),(1,0),(2,3),(2,1),(7,-4)
(1,0),(3,-1),(5,1),(1,0),(14,-8)
(1,0),(2,-3),(1,-3),(1,-1),(14,-8)
(1,0),(1,1),(3,1),(2,-3),(14,-8)
(1,0),(3,2),(3,1),(1,-1),(14,-8)
(1,0),(1,0),(3,1),(5,-1),(14,-8)
(1,0),(2,-3),(3,1),(1,1),(14,-8)
(1,0),(1,-2),(1,-5),(1,-1),(14,-8)
(1,0),(2,-3),(3,1),(1,1),(14,-8)
(3,-2),(1,-2),(7,-4)
(1,0),(2,-3),(3,-1),(5,1),(52,-26)
(1,0),(2,-1),(3,-1),(3,-1),(20,-10)
(0,1),(1,2),(2,-1)
(1,0),(2,-1),(2,-1)
(1,-1),(1,-3),(4,-2)
(1,-1),(1,-3),(4,-2)
(3,-1),(1,-1),(4,-2)
(3,-1),(1,-1),(4,-2)
(1,1),(3,1),(4,-2)
(1,0),(2,-1),(2,-1)
(1,3),(1,1),(4,-2)
(2,1),(1,0),(2,-1)
(1,-2),(0,-1),(2,-1)
(2,1),(1,0),(2,-1)
(1,3),(1,1),(4,-2)
(1,1),(3,1),(4,-2)
(1,0),(2,-1),(5,1),(5,1),(52,-26)
(1,0),(2,-1),(5,-1),(5,-1),(52,-26)
(1,0),(5,-1),(1,-2),(1,-5),(52,-26)
(1,0),(1,2),(1,0),(0,-1),(2,-1)
(1,0),(1,5),(1,3),(3,-2),(52,-26)
(1,0),(5,1),(1,3),(3,2),(52,-26)
(1,0),(3,1),(1,3),(2,1),(20,-10)
(1,0),(3,2),(3,-1),(1,-5),(52,-26)
(1,0),(1,2),(1,1),(1,-1),(4,-2)
(1,0),(3,2),(1,3),(5,1),(52,-26)
(1,0),(1,0),(2,1),(1,0),(2,-1)
(1,0),(3,-2),(1,-2),(2,-3),(26,-13)
(1,0),(5,-1),(2,1),(5,1),(52,-26)
(1,0),(3,-2),(2,1),(3,2),(26,-13)
(1,0),(3,-2),(3,-1),(5,-1),(52,-26)
(1,0),(1,2),(3,2),(2,-3),(26,-13)
(1,0),(5,1),(2,1),(5,-1),(52,-26)
(1,0),(2,-1),(3,2),(3,2),(26,-13)
(1,0),(2,3),(1,3),(5,-1),(52,-26)
(1,0),(5,-1),(1,3),(2,3),(52,-26)
(1,0),(2,1),(3,2),(3,-1),(23,-11)
(1,0),(3,-1),(3,2),(2,1),(23,-11)
(1,0),(3,-2),(1,-3),(1,-2),(23,-11)
(1,0),(1,-2),(3,1),(2,3),(23,-11)
(1,0),(5,1),(2,-1),(1,-2),(23,-11)
(1,0),(3,-1),(5,-1),(3,-1),(46,-22)
(1,0),(1,3),(3,1),(1,-5),(46,-22)
(1,0),(1,-5),(1,-3),(3,-1),(46,-22)
(1,0),(1,3),(3,2),(1,-2),(23,-11)
(1,0),(2,3),(3,1),(1,-2),(23,-11)
(1,0),(1,-2),(1,-3),(3,-2),(23,-11)
(1,0),(3,-2),(3,1),(2,1),(23,-11)
(1,0),(1,-2),(5,-1),(2,1),(23,-11)
(1,0),(5,1),(1,2),(2,1),(23,-11)
(1,0),(1,-2),(2,-3),(3,-1),(23,-11)
(1,0),(3,-1),(3,1),(5,1),(46,-22)
(1,0),(3,-2),(2,-1),(3,-1),(23,-11)
(2,3),(3,2),(12,-5)
(5,1),(5,-1),(24,-10)
(3,-2),(2,-3),(12,-5)
(1,0),(3,2),(1,0),(2,-3),(12,-5)
(5,-1),(3,-2),(17,-7)
(2,-3),(1,-5),(17,-7)
(1,5),(2,3),(17,-7)
(1,0),(5,1),(1,-1),(1,-5),(34,-14)
(3,2),(5,1),(17,-7)
(1,0),(5,-1),(1,3),(1,2),(34,-12)
(1,0),(3,1),(3,-1),(2,-3),(34,-12)
(1,0),(5,-1),(1,-2),(1,-3),(34,-12)
(1,0),(2,-1),(3,-1),(5,-1),(34,-12)
(1,0),(3,1),(5,1),(2,-1),(34,-12)
(1,0),(3,1),(1,3),(3,2),(34,-12)
(1,0),(3,2),(3,-1),(1,-3),(34,-12)
(1,0),(1,-3),(3,-2),(3,1),(34,-12)
(1,0),(5,-1),(2,1),(3,1),(34,-12)
(1,0),(2,-1),(5,1),(3,1),(34,-12)
(1,0),(1,5),(1,3),(2,-1),(34,-12)
(1,0),(1,-2),(1,-3),(2,-1),(15,-5)
(1,0),(3,-1),(5,1),(5,1),(78,-26)
(1,0),(5,1),(1,2),(3,2),(39,-13)
(1,0),(3,-1),(5,-1),(5,-1),(78,-26)
(1,0),(5,1),(2,-1),(2,-3),(39,-13)
(1,0),(1,-2),(3,-2),(5,1),(39,-13)
(1,0),(5,-1),(1,2),(2,3),(39,-13)
(1,0),(1,-2),(2,-3),(5,-1),(39,-13)
(1,0),(3,-2),(2,-1),(5,-1),(39,-13)
(1,0),(1,5),(3,1),(1,-5),(78,-26)
(1,0),(3,-1),(3,1),(3,1),(30,-10)
(1,0),(2,-3),(3,1),(2,3),(39,-13)
(1,0),(3,-2),(1,-3),(2,-3),(39,-13)
(1,0),(3,-1),(1,-5),(1,-5),(78,-26)
(1,0),(3,2),(3,1),(3,-2),(39,-13)
(1,0),(2,1),(3,2),(5,-1),(39,-13)
(1,0),(2,-3),(1,-3),(3,-2),(39,-13)
(1,0),(1,-2),(1,0),(1,1),(3,-1)
(1,0),(1,-5),(1,-3),(5,-1),(78,-26)
(1,0),(1,-2),(5,1),(2,3),(39,-13)
(1,0),(5,1),(3,1),(5,-1),(78,-26)
(1,2),(1,1),(3,-1)
(2,-1),(1,-1),(3,-1)
(0,1),(1,3),(3,-1)
(1,0),(3,-1),(3,-1)
(1,1),(2,1),(3,-1)
(2,-1),(1,-1),(3,-1)
(1,-1),(1,-2),(3,-1)
(1,1),(2,1),(3,-1)
(1,-3),(0,-1),(3,-1)
(1,0),(3,-1),(3,-1)
(3,1),(1,0),(3,-1)
(3,1),(1,0),(3,-1)
(1,-1),(1,-2),(3,-1)
(1,2),(1,1),(3,-1)
(1,0),(5,-1),(3,1),(5,1),(78,-26)
(1,0),(3,-2),(3,1),(3,2),(39,-13)
(1,0),(1,0),(1,0),(3,-1),(3,-1)
(1,0),(3,-2),(1,-2),(1,-1),(11,-3)
(1,0),(3,-2),(1,-2),(1,-1),(11,-3)
(2,-3),(1,-3),(11,-3)
(1,0),(1,-3),(5,-1),(1,1),(22,-6)
(1,0),(5,1),(2,1),(1,0),(11,-3)
(1,-2),(1,-5),(11,-3)
(5,-1),(2,-1),(11,-3)
(3,2),(3,1),(11,-3)
(2,1),(5,1),(11,-3)
(3,-1),(3,-2),(11,-3)
(1,5),(1,2),(11,-3)
(1,3),(2,3),(11,-3)
(1,0),(1,-3),(5,-1),(1,1),(22,-6)
(1,0),(3,-2),(2,1),(1,1),(11,-3)
(1,0),(1,2),(3,2),(1,-1),(11,-3)
(1,0),(2,3),(2,1),(1,-1),(11,-3)
(1,0),(1,2),(3,2),(1,-1),(11,-3)
(1,0),(5,1),(1,3),(1,1),(22,-6)
(1,0),(3,1),(3,2),(1,0),(11,-3)
(1,0),(5,1),(1,-2),(0,-1),(11,-3)
(1,0),(2,-1),(2,-3),(1,-1),(11,-3)
(1,0),(1,0),(1,5),(1,2),(11,-3)
(1,0),(1,0),(2,1),(5,1),(11,-3)
(1,0),(2,3),(1,3),(1,0),(11,-3)
(1,0),(1,-1),(2,1),(2,3),(11,-3)
(1,0),(2,3),(1,3),(1,0),(11,-3)
(1,0),(2,-1),(3,2),(1,1),(11,-3)
(1,0),(3,-2),(3,-1),(1,0),(11,-3)
(1,0),(2,-1),(3,2),(1,1),(11,-3)
(1,0),(2,-1),(5,-1),(1,0),(11,-3)
(1,1),(3,2),(5,-1)
(1,0),(3,2),(1,0),(1,-1),(5,-1)
(1,0),(5,-1),(1,2),(1,2),(25,-5)
(5,1),(1,0),(5,-1)
(1,1),(3,2),(5,-1)
(1,-1),(2,-3),(5,-1)
(5,1),(1,0),(5,-1)
(2,3),(1,1),(5,-1)
(2,3),(1,1),(5,-1)
(1,-5),(0,-1),(5,-1)
(3,-2),(1,-1),(5,-1)
(3,-2),(1,-1),(5,-1)
(1,0),(5,-1),(5,-1)
(1,0),(5,-1),(5,-1)
(1,-1),(2,-3),(5,-1)
(1,0),(0,-1),(1,0),(1,5),(5,-1)
(1,0),(1,-3),(3,-2),(2,1),(25,-5)
(1,0),(3,-1),(1,-5),(1,-3),(50,-10)
(1,0),(1,5),(1,2),(2,-1),(25,-5)
(1,0),(1,-2),(3,-2),(3,1),(25,-5)
(1,0),(1,5),(1,3),(3,-1),(50,-10)
(1,0),(2,-1),(3,-2),(3,-1),(25,-5)
(1,0),(1,0),(1,0),(5,-1),(5,-1)
(1,0),(3,1),(2,3),(2,1),(25,-5)
(1,0),(0,1),(5,1),(0,-1),(5,-1)
(1,0),(1,-3),(5,1),(1,3),(50,-10)
(1,0),(1,5),(3,1),(1,-3),(50,-10)
(1,0),(1,3),(2,3),(2,-1),(25,-5)
(1,0),(1,2),(5,1),(1,-2),(25,-5)
(1,0),(2,-3),(1,-2),(3,-1),(25,-5)
(1,0),(3,-1),(5,1),(3,1),(50,-10)
(1,0),(3,1),(5,1),(3,-1),(50,-10)
(1,0),(5,-1),(3,-2),(3,-2),(65,-13)
(1,0),(3,-1),(3,-2),(2,-1),(25,-5)
(0,1),(1,5),(5,-1)
(1,0),(1,-2),(5,1),(1,2),(25,-5)
(1,0),(2,3),(5,-1),(1,-5),(92,-18)
(1,0),(1,-2),(3,1),(1,3),(22,-4)
(1,-2),(1,-3),(7,-1)
(1,3),(1,2),(7,-1)
(1,0),(1,-1),(2,1),(1,2),(7,-1)
(3,-1),(2,-1),(7,-1)
(2,1),(3,1),(7,-1)
(1,5),(1,3),(16,-2)
(3,1),(5,1),(16,-2)
(1,0),(1,1),(3,1),(3,-2),(16,-2)
(1,0),(5,1),(1,-3),(0,-1),(16,-2)
(1,0),(1,-2),(2,-3),(1,0),(8,-1)
(1,0),(1,0),(1,5),(1,3),(16,-2)
(1,0),(1,-2),(5,-1),(1,1),(16,-2)
(1,0),(5,1),(2,-1),(1,-1),(16,-2)
(1,0),(1,-2),(5,-1),(1,1),(16,-2)
(1,0),(5,1),(1,-1),(1,-2),(16,-2)
(1,0),(1,0),(3,1),(5,1),(16,-2)
(1,0),(3,-2),(3,1),(1,1),(16,-2)
(1,0),(2,1),(5,-1),(1,-1),(16,-2)
(1,0),(2,1),(3,2),(1,0),(8,-1)
(1,0),(2,3),(3,1),(1,-1),(16,-2)
(1,0),(1,3),(3,2),(1,-1),(16,-2)
(1,0),(5,1),(3,1),(1,0),(16,-2)
(1,0),(3,-1),(5,-1),(1,0),(16,-2)
(1,0),(1,-5),(1,-3),(1,0),(16,-2)
(1,0),(1,3),(3,2),(1,-1),(16,-2)
(1,0),(2,3),(2,-1),(0,-1),(8,-1)
(1,0),(3,-1),(5,-1),(1,0),(16,-2)
(1,0),(1,-5),(1,-3),(1,0),(16,-2)
(1,2),(2,3),(8,-1)
(2,-1),(3,-2),(8,-1)
(3,2),(2,1),(8,-1)
(1,0),(5,1),(1,2),(1,1),(16,-2)
(5,-1),(3,-1),(16,-2)
(2,-3),(1,-2),(8,-1)
(1,-3),(1,-5),(16,-2)
(1,0),(2,3),(3,1),(1,-1),(16,-2)
(1,0),(3,2),(2,3),(3,1),(41,-3)
(1,0),(5,-1),(3,-2),(2,-1),(41,-3)
(1,0),(1,-3),(5,1),(1,5),(82,-6)
(1,0),(1,5),(5,1),(1,-3),(82,-6)
(1,0),(5,-1),(2,1),(3,2),(41,-3)
(1,0),(1,2),(5,1),(2,-3),(41,-3)
(1,0),(5,-1),(1,3),(1,5),(82,-6)
(1,0),(5,-1),(2,3),(1,2),(41,-3)
(1,0),(2,-1),(3,-2),(5,-1),(41,-3)
(1,0),(3,2),(3,-1),(2,-3),(41,-3)
(1,0),(3,1),(2,3),(3,2),(41,-3)
(1,0),(3,-2),(3,2),(1,2),(29,-2)
(1,0),(3,-2),(3,-1),(5,1),(58,-4)
(1,0),(2,-1),(3,2),(2,3),(29,-2)
(1,0),(1,-5),(2,-3),(3,1),(58,-4)
(1,0),(1,2),(1,5),(5,1),(58,-4)
(1,0),(5,1),(2,1),(5,1),(58,-4)
(1,0),(2,3),(5,-1),(1,-3),(58,-4)
(1,0),(3,-2),(2,1),(2,3),(29,-2)
(1,0),(5,1),(1,-2),(1,-5),(58,-4)
(1,0),(1,-3),(5,-1),(2,3),(58,-4)
(1,0),(5,1),(1,3),(2,3),(58,-4)
(1,0),(3,-2),(2,-3),(2,-1),(29,-2)
(1,0),(3,1),(1,5),(2,3),(58,-4)
(1,0),(2,-1),(2,-3),(3,-2),(29,-2)
(1,0),(1,-3),(2,-3),(5,1),(58,-4)
(1,0),(1,-2),(3,-2),(2,1),(18,-1)
(1,0),(1,3),(2,3),(3,-1),(36,-2)
(1,0),(1,5),(1,2),(3,-1),(36,-2)
(1,0),(3,2),(3,1),(3,-1),(36,-2)
(1,0),(3,-1),(3,1),(3,2),(36,-2)
(1,0),(2,1),(3,-2),(1,-2),(18,-1)
(1,0),(1,-2),(3,1),(1,5),(36,-2)
(1,0),(5,-1),(1,2),(1,3),(36,-2)
(1,0),(1,3),(3,1),(2,-3),(36,-2)
(1,0),(1,-2),(1,-5),(3,-1),(36,-2)
(1,0),(1,5),(3,1),(1,-2),(36,-2)
(1,-2),(1,-2),(5,0)
(1,-5),(1,-5),(26,0)
(3,-2),(3,-2),(13,0)
(2,3),(2,3),(13,0)
(1,5),(1,5),(26,0)
(3,1),(3,1),(10,0)
(5,-1),(5,-1),(26,0)
(2,-3),(2,-3),(13,0)
(1,0),(1,5),(5,-1),(0,-1),(26,0)
(0,1),(0,1),(1,0)
(1,-3),(1,-3),(10,0)
(1,-1),(1,-1),(2,0)
(1,-1),(1,-1),(2,0)
(1,0),(1,0),(1,0)
(1,3),(1,3),(10,0)
(1,0),(1,0),(1,0)
(2,1),(2,1),(5,0)
(1,1),(1,1),(2,0)
(3,2),(3,2),(13,0)
(1,0),(1,0),(1,0)
(5,1),(5,1),(26,0)
(0,-1),(0,-1),(1,0)
(1,2),(1,2),(5,0)
(1,-1),(1,-1),(2,0)
(1,-1),(1,-1),(2,0)
(1,1),(1,1),(2,0)
(3,-1),(3,-1),(10,0)
(1,1),(1,1),(2,0)
(2,-1),(2,-1),(5,0)
(1,1),(1,1),(2,0)
(1,0),(1,0),(1,0)
(1,0),(1,-5),(3,-1),(1,2),(36,2)
(1,0),(3,-2),(1,-2),(2,-1),(18,1)
(1,0),(2,-1),(3,2),(1,2),(18,1)
(1,0),(3,1),(3,2),(3,1),(36,2)
(1,0),(2,3),(1,3),(3,1),(36,2)
(1,0),(3,1),(3,-1),(3,-2),(36,2)
(1,0),(1,2),(5,-1),(1,-3),(36,2)
(1,0),(2,-1),(3,-1),(5,1),(36,2)
(1,0),(1,-3),(2,-3),(3,1),(36,2)
(1,0),(5,1),(1,-2),(1,-3),(36,2)
(1,0),(5,1),(2,1),(3,1),(36,2)
(1,0),(3,1),(1,-2),(1,-5),(36,2)
(1,0),(1,-3),(5,-1),(1,2),(36,2)
(1,0),(2,3),(3,-1),(1,-3),(36,2)
(1,0),(1,2),(3,2),(2,-1),(18,1)
(1,0),(5,-1),(3,1),(3,2),(58,4)
(1,0),(3,-1),(3,-2),(5,-1),(58,4)
(1,0),(1,5),(1,2),(5,-1),(58,4)
(1,0),(5,-1),(3,-2),(3,-1),(58,4)
(1,0),(3,-1),(1,-5),(2,-3),(58,4)
(1,0),(1,-2),(1,-5),(5,-1),(58,4)
(1,0),(3,2),(3,1),(5,-1),(58,4)
(1,0),(1,-2),(3,-2),(3,2),(29,2)
(1,0),(3,2),(2,3),(2,1),(29,2)
(1,0),(2,-3),(3,1),(1,5),(58,4)
(1,0),(1,5),(5,1),(1,-2),(58,4)
(1,0),(1,5),(3,1),(2,-3),(58,4)
(1,0),(5,-1),(2,3),(1,3),(58,4)
(1,0),(1,3),(2,3),(5,-1),(58,4)
(1,0),(5,-1),(1,2),(1,5),(58,4)
(1,0),(3,-1),(5,1),(3,2),(58,4)
(1,0),(1,-5),(1,-3),(5,1),(82,6)
(1,0),(5,1),(3,1),(5,1),(82,6)
(1,0),(2,1),(5,-1),(3,-2),(41,3)
(1,0),(2,3),(2,-1),(1,-5),(41,3)
(1,0),(1,-2),(2,-3),(5,1),(41,3)
(1,0),(3,-2),(1,-3),(3,-2),(41,3)
(1,0),(3,-2),(3,2),(1,3),(41,3)
(1,0),(3,-2),(3,1),(2,3),(41,3)
(1,0),(1,-5),(2,-3),(2,1),(41,3)
(1,0),(3,-1),(5,-1),(5,1),(82,6)
(1,0),(5,1),(2,-1),(3,-2),(41,3)
(1,0),(1,-2),(5,-1),(2,3),(41,3)
(1,0),(3,-2),(2,-3),(3,-1),(41,3)
(1,0),(1,3),(1,5),(5,1),(82,6)
(1,0),(1,3),(3,2),(3,-2),(41,3)
(1,0),(5,-1),(1,-2),(1,-1),(16,2)
(1,0),(1,-3),(5,1),(0,1),(16,2)
(5,1),(3,1),(16,2)
(3,-1),(5,-1),(16,2)
(3,-2),(2,-1),(8,1)
(2,1),(3,2),(8,1)
(1,-5),(1,-3),(16,2)
(2,3),(1,2),(8,1)
(1,-2),(2,-3),(8,1)
(1,0),(2,-1),(3,-2),(1,0),(8,1)
(1,0),(3,2),(1,0),(2,-1),(8,1)
(1,0),(1,2),(5,1),(1,-1),(16,2)
(1,0),(2,-3),(3,-1),(1,1),(16,2)
(1,0),(5,-1),(2,1),(1,1),(16,2)
(1,3),(1,5),(16,2)
(1,0),(2,-1),(5,1),(1,1),(16,2)
(1,0),(5,-1),(1,-2),(1,-1),(16,2)
(1,0),(2,-3),(1,-2),(1,0),(8,1)
(1,0),(3,1),(5,1),(1,0),(16,2)
(1,0),(5,-1),(1,3),(0,1),(16,2)
(1,0),(3,1),(2,3),(1,1),(16,2)
(1,0),(1,5),(1,3),(1,0),(16,2)
(1,0),(2,-1),(5,1),(1,1),(16,2)
(1,0),(3,1),(2,3),(1,1),(16,2)
(1,0),(1,-2),(1,-3),(1,0),(7,1)
(3,1),(2,1),(7,1)
(1,-3),(1,-2),(7,1)
(1,2),(1,3),(7,1)
(2,-1),(3,-1),(7,1)
(1,0),(3,1),(1,3),(1,2),(22,4)
(1,0),(3,2),(2,3),(3,2),(46,9)
(1,0),(1,-5),(1,-3),(3,1),(50,10)
(1,0),(3,-2),(3,2),(1,5),(65,13)
(1,5),(0,1),(5,1)
(1,0),(1,-5),(1,-1),(1,1),(10,2)
(1,0),(2,1),(3,2),(3,1),(25,5)
(1,0),(5,1),(2,1),(2,1),(25,5)
(1,0),(1,2),(5,-1),(1,-2),(25,5)
(1,0),(3,-2),(2,-3),(5,-1),(65,13)
(1,0),(3,-1),(5,-1),(3,1),(50,10)
(1,0),(1,-5),(1,-1),(1,1),(10,2)
(1,0),(1,2),(1,5),(2,1),(25,5)
(1,0),(1,-1),(2,-3),(1,0),(5,1)
(1,0),(1,-3),(5,-1),(1,3),(50,10)
(1,0),(1,0),(1,5),(0,1),(5,1)
(1,0),(2,1),(5,-1),(2,-1),(25,5)
(1,0),(2,3),(3,-1),(1,-2),(25,5)
(1,0),(1,2),(3,2),(3,-1),(25,5)
(1,0),(2,3),(2,-1),(1,-3),(25,5)
(1,0),(1,-2),(2,-3),(3,1),(25,5)
(1,0),(5,1),(1,-1),(1,-1),(10,2)
(1,0),(3,1),(1,5),(1,3),(50,10)
(1,0),(5,-1),(2,-3),(3,-2),(65,13)
(1,0),(2,-1),(5,-1),(2,1),(25,5)
(1,0),(5,1),(1,3),(1,3),(50,10)
(1,-1),(3,-2),(5,1)
(0,-1),(1,-5),(5,1)
(2,-3),(1,-1),(5,1)
(2,-3),(1,-1),(5,1)
(3,2),(1,1),(5,1)
(3,2),(1,1),(5,1)
(5,-1),(1,0),(5,1)
(1,1),(2,3),(5,1)
(1,0),(5,1),(5,1)
(1,-1),(3,-2),(5,1)
(1,1),(2,3),(5,1)
(1,0),(5,1),(5,1)
(1,0),(1,3),(3,2),(2,-1),(25,5)
(1,0),(3,1),(3,2),(2,1),(25,5)
(1,0),(1,-1),(2,-3),(1,0),(5,1)
(1,0),(3,-1),(3,2),(1,2),(25,5)
(1,0),(2,3),(5,-1),(2,-3),(65,13)
(1,0),(2,-1),(3,2),(1,3),(25,5)
(5,-1),(1,0),(5,1)
(1,0),(1,-3),(2,-3),(2,1),(25,5)
(1,0),(1,3),(5,-1),(1,-3),(50,10)
(3,-2),(3,-1),(11,3)
(1,-3),(2,-3),(11,3)
(2,3),(1,3),(11,3)
(3,1),(3,2),(11,3)
(1,0),(1,3),(2,3),(1,0),(11,3)
(5,1),(2,1),(11,3)
(1,2),(1,5),(11,3)
(1,0),(3,-1),(1,-5),(1,-1),(22,6)
(1,0),(1,5),(1,2),(1,0),(11,3)
(1,0),(3,-1),(5,1),(1,1),(22,6)
(1,0),(1,0),(2,3),(1,3),(11,3)
(1,0),(3,-1),(0,-1),(2,-3),(11,3)
(1,0),(0,1),(5,1),(1,-2),(11,3)
(1,0),(3,-1),(3,-2),(1,0),(11,3)
(1,0),(2,-3),(1,-3),(1,0),(11,3)
(1,0),(1,-2),(1,-5),(1,0),(11,3)
(1,0),(5,-1),(3,1),(1,1),(22,6)
(1,0),(1,-2),(5,1),(0,1),(11,3)
(1,0),(5,-1),(3,1),(1,1),(22,6)
(1,0),(1,-2),(1,-5),(1,0),(11,3)
(1,0),(1,5),(3,1),(1,-1),(22,6)
(2,-1),(5,-1),(11,3)
(1,0),(3,-1),(1,-5),(1,-1),(22,6)
(1,-5),(1,-2),(11,3)
(1,0),(2,-3),(1,-3),(1,0),(11,3)
(1,0),(1,5),(0,1),(2,1),(11,3)
(1,0),(3,-1),(3,-2),(1,0),(11,3)
(1,0),(3,2),(3,1),(1,0),(11,3)
(1,0),(1,5),(1,2),(1,0),(11,3)
(1,0),(2,-1),(3,-2),(5,1),(39,13)
(1,0),(3,-2),(3,-1),(3,2),(39,13)
(1,0),(1,2),(3,2),(5,-1),(39,13)
(1,0),(2,-3),(3,-1),(2,3),(39,13)
(1,0),(1,5),(5,-1),(1,-3),(78,26)
(1,0),(2,3),(2,1),(5,-1),(39,13)
(1,0),(1,-5),(3,-1),(1,5),(78,26)
(1,0),(1,5),(1,3),(5,1),(78,26)
(1,0),(2,-1),(3,-1),(2,1),(15,5)
(1,0),(2,3),(3,-1),(2,-3),(39,13)
(1,0),(3,1),(3,-1),(3,-1),(30,10)
(1,0),(5,1),(2,1),(3,2),(39,13)
(1,0),(1,0),(2,1),(1,1),(3,1)
(1,0),(2,-3),(1,-2),(5,1),(39,13)
(1,0),(3,1),(1,-2),(1,-2),(15,5)
(1,0),(5,-1),(1,-2),(3,-2),(39,13)
(1,0),(1,2),(5,-1),(2,-3),(39,13)
(1,0),(5,1),(1,3),(1,5),(78,26)
(1,0),(1,0),(1,1),(1,2),(3,1)
(1,0),(2,3),(1,3),(3,2),(39,13)
(1,0),(3,2),(1,3),(2,3),(39,13)
(1,0),(1,0),(1,0),(3,1),(3,1)
(1,0),(1,-3),(5,-1),(1,5),(78,26)
(1,0),(3,2),(3,-1),(3,-2),(39,13)
(1,0),(3,-2),(2,1),(1,5),(39,13)
(1,0),(3,1),(3,2),(3,2),(39,13)
(1,0),(3,1),(3,1)
(3,-1),(1,0),(3,1)
(1,1),(1,2),(3,1)
(3,-1),(1,0),(3,1)
(1,3),(0,1),(3,1)
(2,1),(1,1),(3,1)
(1,-2),(1,-1),(3,1)
(1,-2),(1,-1),(3,1)
(1,1),(1,2),(3,1)
(2,1),(1,1),(3,1)
(0,-1),(1,-3),(3,1)
(1,-1),(2,-1),(3,1)
(1,-1),(2,-1),(3,1)
(1,0),(3,1),(3,1)
(1,0),(3,1),(5,1),(5,1),(78,26)
(1,0),(1,-5),(1,-3),(2,1),(34,12)
(1,0),(1,3),(5,-1),(1,-2),(34,12)
(1,0),(1,3),(3,1),(3,-2),(34,12)
(1,0),(3,-1),(3,2),(1,3),(34,12)
(1,0),(5,1),(2,-1),(3,-1),(34,12)
(1,0),(3,-1),(3,1),(2,3),(34,12)
(1,0),(1,-2),(5,-1),(1,3),(34,12)
(1,0),(2,3),(2,-1),(1,-2),(17,6)
(1,0),(1,3),(3,2),(3,-1),(34,12)
(1,0),(5,1),(3,1),(2,1),(34,12)
(1,0),(1,3),(1,5),(2,1),(34,12)
(1,0),(1,-2),(1,-3),(5,1),(34,12)
(1,0),(1,-2),(2,-3),(2,1),(17,6)
(5,1),(3,2),(17,7)
(1,0),(1,5),(5,1),(1,-1),(34,14)
(3,-2),(5,-1),(17,7)
(1,-5),(2,-3),(17,7)
(2,3),(1,5),(17,7)
(3,2),(2,3),(12,5)
(5,-1),(5,1),(24,10)
(2,-3),(3,-2),(12,5)
(1,0),(5,1),(1,-1),(3,-2),(24,10)
(1,0),(1,5),(1,3),(3,1),(46,22)
(1,0),(2,-1),(5,1),(1,2),(23,11)
(1,0),(3,1),(1,-2),(2,-3),(23,11)
(1,0),(2,-3),(3,-1),(1,2),(23,11)
(1,0),(1,2),(5,1),(2,-1),(23,11)
(1,0),(5,-1),(2,1),(1,2),(23,11)
(1,0),(3,1),(1,3),(1,5),(46,22)
(1,0),(3,2),(1,3),(1,2),(23,11)
(1,0),(3,1),(2,3),(1,2),(23,11)
(1,0),(2,-3),(1,-2),(3,1),(23,11)
(1,0),(2,-1),(3,-1),(3,2),(23,11)
(1,0),(5,-1),(1,-2),(2,-1),(23,11)
(1,0),(2,-1),(3,-2),(3,1),(23,11)
(1,0),(5,1),(3,1),(3,2),(52,26)
(2,-1),(1,0),(2,1)
(1,0),(1,-2),(3,-2),(2,3),(26,13)
(1,0),(3,2),(3,1),(5,1),(52,26)
(1,0),(2,1),(3,2),(3,2),(26,13)
(1,0),(3,-2),(1,-3),(5,-1),(52,26)
(1,0),(3,-1),(0,-1),(1,-1),(4,2)
(1,0),(3,-2),(2,-1),(3,2),(26,13)
(1,0),(5,-1),(3,1),(2,3),(52,26)
(1,0),(1,1),(3,1),(1,0),(4,2)
(1,0),(1,5),(1,2),(5,1),(52,26)
(1,0),(1,-2),(1,-5),(5,1),(52,26)
(1,0),(5,1),(1,2),(1,5),(52,26)
(1,0),(1,1),(3,1),(1,0),(4,2)
(1,0),(3,-1),(3,2),(1,5),(52,26)
(1,0),(1,5),(3,1),(3,-2),(52,26)
(1,0),(2,3),(3,1),(5,-1),(52,26)
(1,0),(1,3),(1,5),(3,2),(52,26)
(1,0),(2,-3),(1,-3),(5,1),(52,26)
(1,0),(3,-1),(1,-5),(3,-2),(52,26)
(1,0),(3,-2),(3,1),(1,5),(52,26)
(1,0),(1,-5),(1,-3),(3,2),(52,26)
(1,0),(1,0),(3,1),(1,1),(4,2)
(1,0),(2,1),(2,1)
(3,1),(1,1),(4,2)
(1,2),(0,1),(2,1)
(2,-1),(1,0),(2,1)
(1,1),(1,3),(4,2)
(1,1),(1,3),(4,2)
(3,1),(1,1),(4,2)
(1,-3),(1,-1),(4,2)
(1,0),(5,1),(1,-3),(2,-3),(52,26)
(1,-3),(1,-1),(4,2)
(0,-1),(1,-2),(2,1)
(1,0),(2,1),(2,1)
(1,-1),(3,-1),(4,2)
(1,-1),(3,-1),(4,2)
(1,0),(1,2),(1,5),(1,1),(14,8)
(1,0),(5,1),(2,1),(1,1),(14,8)
(2,1),(2,3),(7,4)
(3,-1),(5,1),(14,8)
(2,-3),(2,-1),(7,4)
(3,2),(1,2),(7,4)
(1,-2),(3,-2),(7,4)
(1,0),(2,3),(3,-1),(1,-1),(14,8)
(1,0),(3,1),(3,2),(1,1),(14,8)
(1,0),(5,1),(1,-2),(1,-1),(14,8)
(1,0),(5,1),(1,-1),(2,-1),(14,8)
(1,0),(1,2),(1,5),(1,1),(14,8)
(1,0),(5,1),(1,3),(0,1),(14,8)
(1,0),(1,-3),(5,-1),(0,1),(14,8)
(1,0),(3,-2),(3,-1),(1,1),(14,8)
(1,0),(2,-1),(2,-3),(1,0),(7,4)
(1,0),(2,3),(1,3),(1,1),(14,8)
(1,0),(1,0),(2,1),(2,3),(7,4)
(1,0),(5,1),(2,1),(1,1),(14,8)
(1,0),(3,1),(1,5),(0,1),(14,8)
(1,0),(1,2),(3,2),(1,0),(7,4)
(1,0),(2,3),(2,1),(1,0),(7,4)
(1,0),(1,2),(1,1),(5,1),(14,8)
(1,0),(1,-1),(2,-3),(3,1),(14,8)
(5,-1),(3,1),(14,8)
(1,0),(1,-2),(1,-5),(3,1),(30,20)
(1,-5),(1,-1),(6,4)
(1,0),(2,-1),(3,-2),(2,1),(15,10)
(1,0),(2,1),(3,-2),(2,-1),(15,10)
(1,1),(1,5),(6,4)
(0,-1),(2,-3),(3,2)
(1,0),(3,2),(3,2)
(1,0),(2,-1),(5,1),(1,3),(30,20)
(1,0),(3,2),(3,1),(3,1),(30,20)
(1,0),(3,-1),(5,1),(1,2),(30,20)
(1,0),(3,2),(1,0),(1,0),(3,2)
(1,0),(1,0),(2,3),(0,1),(3,2)
(1,0),(2,-3),(1,-3),(3,1),(30,20)
(1,0),(3,-1),(1,-5),(2,-1),(30,20)
(1,0),(5,-1),(3,1),(1,2),(30,20)
(1,0),(1,2),(5,1),(3,-1),(30,20)
(1,0),(3,2),(1,0),(1,0),(3,2)
(1,0),(1,-3),(3,-2),(1,3),(30,20)
(1,0),(5,-1),(2,1),(1,3),(30,20)
(1,0),(3,1),(2,3),(1,3),(30,20)
(1,0),(5,-1),(1,-2),(3,-1),(30,20)
(1,0),(3,-1),(3,-2),(3,1),(30,20)
(1,0),(0,1),(5,1),(1,-1),(6,4)
(1,0),(1,-2),(3,-2),(1,2),(15,10)
(1,0),(1,5),(1,3),(2,1),(30,20)
(1,0),(1,5),(0,1),(1,1),(6,4)
(1,-5),(1,-1),(6,4)
(1,1),(1,5),(6,4)
(1,-1),(5,-1),(6,4)
(2,3),(0,1),(3,2)
(3,-2),(1,0),(3,2)
(5,1),(1,1),(6,4)
(5,1),(1,1),(6,4)
(1,0),(3,2),(3,2)
(1,-1),(5,-1),(6,4)
(3,-2),(1,0),(3,2)
(1,0),(2,3),(5,-1),(3,-2),(55,37)
(1,0),(3,-1),(3,1),(1,3),(26,18)
(3,-1),(3,1),(8,6)
(2,1),(1,2),(4,3)
(1,-2),(2,-1),(4,3)
(1,0),(1,2),(1,0),(2,-1),(4,3)
(1,0),(2,3),(2,-1),(1,-1),(9,7)
(1,0),(5,1),(3,1),(1,1),(18,14)
(3,1),(2,3),(9,7)
(5,-1),(2,1),(9,7)
(2,-1),(5,1),(9,7)
(2,-3),(3,-1),(9,7)
(1,-3),(3,-2),(9,7)
(1,0),(1,3),(5,-1),(1,-1),(18,14)
(1,0),(1,-2),(2,-3),(1,1),(9,7)
(1,0),(3,-2),(2,-1),(1,1),(9,7)
(1,0),(1,3),(5,-1),(1,-1),(18,14)
(1,0),(2,3),(3,1),(1,0),(9,7)
(1,0),(1,-2),(2,-3),(1,1),(9,7)
(1,0),(3,-2),(2,-1),(1,1),(9,7)
(1,0),(3,-1),(0,-1),(3,-2),(9,7)
(1,0),(3,-2),(1,-3),(1,0),(9,7)
(1,0),(2,1),(5,-1),(1,0),(9,7)
(1,0),(3,-2),(3,1),(0,1),(9,7)
(1,0),(3,-1),(5,-1),(1,1),(18,14)
(1,0),(5,1),(1,2),(0,1),(9,7)
(1,0),(3,-1),(3,2),(0,1),(9,7)
(1,0),(1,1),(3,1),(5,1),(18,14)
(3,2),(1,3),(9,7)
(1,0),(3,2),(2,3),(1,2),(22,19)
(1,0),(2,-3),(1,-2),(3,2),(22,19)
(1,0),(2,-1),(3,-2),(3,2),(22,19)
(1,0),(1,5),(5,1),(2,-1),(44,38)
(1,0),(3,2),(3,-1),(5,-1),(44,38)
(1,0),(2,-1),(5,1),(1,5),(44,38)
(1,0),(5,-1),(1,-2),(5,-1),(44,38)
(1,0),(3,1),(5,1),(3,2),(44,38)
(1,0),(1,5),(1,3),(3,2),(44,38)
(1,0),(5,-1),(3,-2),(3,1),(44,38)
(1,0),(5,-1),(2,1),(1,5),(44,38)
(1,0),(3,1),(2,3),(1,5),(44,38)
(1,0),(3,1),(3,2),(2,3),(31,27)
(1,0),(2,3),(5,-1),(2,-1),(31,27)
(1,0),(3,-2),(1,-2),(5,1),(31,27)
(1,0),(5,1),(2,1),(2,3),(31,27)
(1,0),(1,2),(1,5),(2,3),(31,27)
(1,0),(3,-2),(3,-1),(2,3),(31,27)
(1,0),(1,-5),(2,-3),(1,2),(31,27)
(1,0),(2,-1),(5,-1),(2,3),(31,27)
(1,0),(2,3),(1,3),(2,3),(31,27)
(1,0),(1,2),(3,2),(5,1),(31,27)
(1,0),(1,2),(5,-1),(3,-2),(31,27)
(1,0),(1,3),(2,3),(2,1),(19,17)
(1,0),(1,-2),(3,-2),(1,3),(19,17)
(1,0),(3,-1),(3,1),(1,5),(38,34)
(1,0),(1,-2),(1,-5),(2,1),(19,17)
(1,0),(1,-2),(1,-3),(3,2),(19,17)
(1,0),(3,-1),(5,1),(1,3),(38,34)
(1,0),(1,3),(3,1),(5,-1),(38,34)
(1,0),(2,1),(3,-2),(3,-1),(19,17)
(1,0),(3,2),(3,1),(2,1),(19,17)
(1,0),(1,5),(1,2),(2,1),(19,17)
(1,0),(5,-1),(2,-3),(1,0),(13,13)
(1,0),(1,1),(1,1)
(3,2),(1,5),(13,13)
(0,-1),(1,-1),(1,1)
(1,0),(1,1),(1,1)
(5,-1),(3,2),(13,13)
(2,-1),(3,1),(5,5)
(2,1),(1,3),(5,5)
(1,-5),(3,-2),(13,13)
(2,-3),(5,-1),(13,13)
(1,-2),(3,-1),(5,5)
(1,1),(0,1),(1,1)
(1,-1),(1,0),(1,1)
(1,-3),(2,-1),(5,5)
(0,-1),(1,-1),(1,1)
(3,-2),(5,1),(13,13)
(3,-1),(2,1),(5,5)
(1,1),(0,1),(1,1)
(1,-1),(1,0),(1,1)
(1,-1),(1,0),(1,1)
(1,0),(1,1),(1,1)
(5,1),(2,3),(13,13)
(1,-1),(1,0),(1,1)
(1,0),(1,1),(1,1)
(3,1),(1,2),(5,5)
(1,0),(2,3),(3,-1),(2,-1),(17,19)
(1,0),(5,1),(2,1),(1,2),(17,19)
(1,0),(1,2),(5,-1),(2,-1),(17,19)
(1,0),(2,-1),(3,-1),(2,3),(17,19)
(1,0),(2,-1),(2,-3),(3,1),(17,19)
(1,0),(5,1),(1,-2),(2,-1),(17,19)
(1,0),(3,1),(3,-1),(5,1),(34,38)
(1,0),(3,1),(3,2),(1,2),(17,19)
(1,0),(1,2),(3,2),(3,1),(17,19)
(1,0),(5,-1),(3,1),(1,5),(54,62)
(1,0),(1,3),(2,3),(3,2),(27,31)
(1,0),(1,5),(3,1),(5,-1),(54,62)
(1,0),(3,-1),(5,1),(1,5),(54,62)
(1,0),(3,2),(3,1),(3,2),(27,31)
(1,0),(5,-1),(3,-2),(2,1),(27,31)
(1,0),(1,-2),(1,-5),(3,2),(27,31)
(1,0),(2,-3),(1,-3),(3,2),(27,31)
(1,0),(3,2),(2,3),(1,3),(27,31)
(1,0),(1,5),(1,2),(3,2),(27,31)
(1,0),(1,5),(5,1),(3,-1),(54,62)
(1,0),(3,-2),(1,-3),(5,1),(38,44)
(1,0),(1,3),(1,5),(2,3),(38,44)
(1,0),(5,1),(2,-1),(5,1),(38,44)
(1,0),(2,3),(5,-1),(3,-1),(38,44)
(1,0),(2,3),(3,1),(5,1),(38,44)
(1,0),(1,3),(3,2),(5,1),(38,44)
(1,0),(1,-5),(2,-3),(1,3),(38,44)
(1,0),(2,1),(5,-1),(5,1),(38,44)
(1,0),(3,-1),(5,-1),(2,3),(38,44)
(1,0),(2,3),(2,-1),(3,-2),(19,22)
(1,0),(3,-2),(2,-1),(2,3),(19,22)
(1,0),(2,-1),(3,-2),(1,1),(7,9)
(1,0),(5,-1),(1,-2),(1,0),(7,9)
(1,-5),(2,-1),(7,9)
(2,1),(1,5),(7,9)
(3,-1),(3,2),(7,9)
(3,-2),(3,1),(7,9)
(1,0),(3,2),(1,0),(3,1),(7,9)
(1,-2),(5,-1),(7,9)
(1,0),(2,-3),(1,-2),(1,1),(7,9)
(1,0),(1,0),(2,1),(1,5),(7,9)
(1,0),(0,1),(5,1),(2,-1),(7,9)
(1,0),(1,2),(5,1),(1,0),(7,9)
(1,0),(1,5),(1,3),(1,1),(14,18)
(1,0),(1,-3),(3,-2),(0,1),(7,9)
(1,0),(1,5),(1,3),(1,1),(14,18)
(1,0),(1,2),(5,1),(1,0),(7,9)
(1,0),(3,2),(1,3),(0,1),(7,9)
(1,0),(1,2),(1,1),(3,2),(7,9)
(5,1),(1,2),(7,9)
(1,0),(3,-1),(0,-1),(3,-1),(6,8)
(3,1),(1,3),(6,8)
(2,-1),(2,1),(3,4)
(1,-3),(3,-1),(6,8)
(1,0),(3,1),(1,-2),(2,-1),(9,13)
(1,0),(1,5),(5,1),(5,-1),(74,110)
(1,0),(5,1),(1,-1),(1,0),(4,6)
(1,0),(2,3),(2,3)
(1,0),(1,2),(1,5),(1,3),(20,30)
(1,0),(3,-1),(5,-1),(1,2),(20,30)
(1,0),(1,-5),(2,-3),(1,5),(52,78)
(1,0),(3,1),(3,2),(1,3),(20,30)
(1,0),(2,3),(3,1),(3,1),(20,30)
(1,0),(1,-3),(2,-3),(1,3),(20,30)
(1,0),(1,5),(5,-1),(3,-2),(52,78)
(1,0),(1,2),(3,2),(2,1),(10,15)
(1,0),(2,1),(5,-1),(3,1),(20,30)
(1,0),(3,-2),(2,-3),(3,2),(26,39)
(1,0),(2,-1),(2,-3),(2,1),(10,15)
(1,0),(5,1),(3,1),(1,2),(20,30)
(1,0),(1,3),(1,5),(1,2),(20,30)
(1,-1),(5,1),(4,6)
(1,0),(2,3),(2,3)
(1,0),(1,3),(5,-1),(2,-1),(20,30)
(0,-1),(3,-2),(2,3)
(3,2),(0,1),(2,3)
(2,-3),(1,0),(2,3)
(2,-3),(1,0),(2,3)
(1,-1),(5,1),(4,6)
(5,-1),(1,1),(4,6)
(5,-1),(1,1),(4,6)
(1,0),(3,-2),(3,-1),(1,3),(20,30)
(1,0),(1,2),(5,-1),(3,-1),(20,30)
(1,0),(1,-1),(2,-3),(1,1),(4,6)
(1,0),(2,1),(3,2),(1,2),(10,15)
(1,0),(5,1),(1,-1),(1,0),(4,6)
(1,0),(2,-1),(5,-1),(1,3),(20,30)
(1,0),(5,1),(2,-1),(3,1),(20,30)
(1,0),(2,1),(3,-2),(1,0),(4,7)
(1,0),(3,2),(3,1),(1,1),(8,14)
(1,0),(3,2),(1,0),(2,1),(4,7)
(1,0),(3,-1),(0,-1),(5,-1),(8,14)
(1,0),(0,1),(5,1),(3,-1),(8,14)
(1,0),(1,-2),(1,-5),(1,1),(8,14)
(1,0),(2,-3),(1,-3),(1,1),(8,14)
(1,0),(1,3),(2,3),(1,1),(8,14)
(1,0),(1,5),(0,1),(1,3),(8,14)
(1,0),(3,-1),(5,1),(0,1),(8,14)
(1,0),(2,-3),(1,-3),(1,1),(8,14)
(5,1),(1,3),(8,14)
(2,-1),(3,2),(4,7)
(1,-5),(3,-1),(8,14)
(3,1),(1,5),(8,14)
(3,-2),(2,1),(4,7)
(1,0),(3,-1),(1,-5),(1,0),(8,14)
(1,-3),(5,-1),(8,14)
(1,0),(5,1),(2,1),(1,5),(26,52)
(1,0),(1,2),(1,2)
(1,0),(5,-1),(1,-2),(5,1),(26,52)
(1,0),(2,-3),(1,-2),(2,3),(13,26)
(1,0),(1,2),(5,1),(5,1),(26,52)
(1,0),(5,1),(1,-2),(5,-1),(26,52)
(1,0),(2,-1),(3,-1),(1,3),(10,20)
(1,0),(3,-2),(1,-2),(3,2),(13,26)
(1,0),(3,1),(1,-2),(3,-1),(10,20)
(1,0),(1,5),(1,3),(2,3),(26,52)
(1,0),(1,2),(1,1),(1,1),(2,4)
(1,0),(2,3),(2,1),(3,2),(13,26)
(1,0),(3,2),(3,-1),(5,1),(26,52)
(1,0),(2,-1),(2,-3),(3,2),(13,26)
(1,0),(3,-2),(3,-1),(1,5),(26,52)
(1,0),(1,2),(1,1),(1,1),(2,4)
(1,-2),(1,0),(1,2)
(1,0),(1,2),(1,2)
(1,-1),(3,1),(2,4)
(3,-1),(1,1),(2,4)
(3,-1),(1,1),(2,4)
(0,-1),(2,-1),(1,2)
(1,-1),(3,1),(2,4)
(2,1),(0,1),(1,2)
(1,-2),(1,0),(1,2)
(1,0),(2,1),(3,2),(1,3),(11,23)
(1,0),(1,3),(3,2),(2,1),(11,23)
(1,0),(1,-2),(1,-3),(2,3),(11,23)
(1,0),(5,1),(2,-1),(2,1),(11,23)
(1,0),(5,1),(3,1),(1,3),(22,46)
(1,0),(3,-1),(5,-1),(1,3),(22,46)
(1,0),(2,1),(5,-1),(2,1),(11,23)
(1,0),(1,3),(3,1),(5,1),(22,46)
(1,0),(2,3),(2,-1),(3,-1),(11,23)
(1,0),(1,-2),(2,-3),(1,3),(11,23)
(1,0),(5,1),(1,-3),(3,-1),(22,46)
(1,0),(1,3),(1,5),(1,3),(22,46)
(1,0),(2,3),(3,1),(2,1),(11,23)
(1,0),(3,-2),(2,-1),(1,3),(11,23)
(1,0),(1,3),(5,-1),(3,-1),(22,46)
(3,-2),(3,2),(5,12)
(1,0),(3,2),(2,3),(0,1),(5,12)
(5,1),(1,5),(10,24)
(1,-5),(5,-1),(10,24)
(1,0),(3,-2),(2,-3),(1,1),(7,17)
(5,-1),(2,3),(7,17)
(2,-3),(5,1),(7,17)
(1,0),(1,5),(1,3),(1,2),(12,34)
(1,0),(5,-1),(1,-2),(3,1),(12,34)
(1,0),(3,1),(5,1),(1,2),(12,34)
(1,0),(3,1),(3,-1),(3,2),(12,34)
(1,0),(2,-3),(1,-2),(1,2),(6,17)
(1,0),(3,1),(1,-2),(5,-1),(12,34)
(1,0),(2,-1),(3,-2),(1,2),(6,17)
(1,0),(2,-1),(3,-1),(1,5),(12,34)
(1,0),(1,2),(5,1),(3,1),(12,34)
(1,0),(5,-1),(2,-3),(2,1),(13,39)
(1,0),(3,2),(3,1),(2,3),(13,39)
(1,0),(1,-2),(1,-5),(2,3),(13,39)
(1,0),(1,5),(3,1),(5,1),(26,78)
(1,0),(3,-1),(1,-5),(5,1),(26,78)
(1,0),(1,5),(1,2),(2,3),(13,39)
(2,-1),(1,1),(1,3)
(1,-1),(2,1),(1,3)
(1,0),(1,3),(1,3)
(0,-1),(3,-1),(1,3)
(1,0),(1,3),(1,3)
(2,-1),(1,1),(1,3)
(1,-3),(1,0),(1,3)
(3,1),(0,1),(1,3)
(1,-3),(1,0),(1,3)
(1,-1),(2,1),(1,3)
(1,0),(1,0),(1,0),(1,3),(1,3)
(1,0),(2,-3),(1,-3),(2,3),(13,39)
(1,0),(3,-2),(2,-1),(1,5),(13,39)
(1,0),(1,5),(5,-1),(3,-1),(26,78)
(1,0),(3,-2),(1,-3),(3,2),(13,39)
(1,0),(1,-2),(2,-3),(1,5),(13,39)
(1,0),(5,1),(2,-1),(3,2),(13,39)
(1,0),(3,-1),(0,-1),(1,0),(1,3)
(1,0),(1,-5),(1,-3),(1,5),(26,78)
(1,0),(1,0),(3,1),(0,1),(1,3)
(1,0),(2,3),(3,1),(3,2),(13,39)
(1,0),(1,3),(5,-1),(5,-1),(26,78)
(1,0),(5,1),(3,1),(1,5),(26,78)
(1,0),(5,1),(1,-3),(5,-1),(26,78)
(1,0),(1,3),(2,3),(2,3),(13,39)
(1,0),(1,1),(3,1),(1,1),(2,6)
(1,0),(1,2),(1,1),(2,3),(3,11)
(5,-1),(1,2),(3,11)
(1,-2),(5,1),(3,11)
(3,-1),(2,3),(3,11)
(2,-3),(3,1),(3,11)
(1,0),(2,3),(3,-1),(1,0),(3,11)
(1,0),(1,2),(3,2),(1,1),(3,11)
(1,0),(3,-2),(1,-2),(1,1),(3,11)
(1,0),(2,-1),(2,-3),(1,1),(3,11)
(1,0),(5,1),(1,-2),(1,0),(3,11)
(1,0),(1,2),(3,2),(1,1),(3,11)
(1,0),(5,1),(2,1),(0,1),(3,11)
(1,0),(1,2),(1,5),(0,1),(3,11)
(1,0),(2,3),(3,-1),(1,0),(3,11)
(1,0),(3,-2),(3,-1),(0,1),(3,11)
(1,0),(3,1),(5,1),(1,3),(10,50)
(1,0),(1,5),(1,2),(1,2),(5,25)
(1,0),(1,2),(5,1),(2,1),(5,25)
(1,0),(1,5),(5,-1),(5,-1),(26,130)
(1,0),(3,-1),(3,-2),(1,2),(5,25)
(1,0),(3,2),(1,0),(1,1),(1,5)
(1,-1),(3,2),(1,5)
(1,0),(1,5),(1,5)
(3,-2),(1,1),(1,5)
(5,1),(0,1),(1,5)
(1,-5),(1,0),(1,5)
(1,-1),(3,2),(1,5)
(1,-5),(1,0),(1,5)
(1,0),(1,5),(1,5)
(1,0),(1,5),(1,3),(1,3),(10,50)
(1,0),(2,1),(3,-2),(3,1),(5,25)
(1,0),(5,-1),(3,-2),(2,3),(13,65)
(1,0),(2,-1),(3,-2),(1,3),(5,25)
(1,0),(5,-1),(1,-2),(2,1),(5,25)
(1,0),(1,-2),(1,-5),(1,2),(5,25)
(1,0),(3,2),(3,1),(1,2),(5,25)
(1,0),(3,-1),(1,-5),(3,1),(10,50)
(1,0),(3,2),(1,0),(1,1),(1,5)
(0,-1),(5,-1),(1,5)
(3,-2),(1,1),(1,5)
(1,0),(2,3),(5,-1),(5,1),(18,92)
(1,0),(1,3),(3,1),(2,1),(4,22)
(1,-2),(3,1),(1,7)
(1,0),(3,1),(3,-1),(1,1),(2,14)
(3,-1),(1,2),(1,7)
(1,0),(1,3),(1,5),(0,1),(2,16)
(1,0),(2,3),(3,1),(1,1),(2,16)
(1,0),(5,1),(2,-1),(1,1),(2,16)
(1,0),(1,3),(5,-1),(1,0),(2,16)
(1,0),(2,1),(3,2),(0,1),(1,8)
(1,0),(3,-2),(1,-3),(1,1),(2,16)
(1,0),(1,-1),(2,-3),(1,3),(2,16)
(1,0),(3,-1),(0,-1),(5,1),(2,16)
(1,0),(3,-2),(1,-3),(1,1),(2,16)
(2,-3),(2,1),(1,8)
(5,-1),(1,3),(2,16)
(1,0),(1,1),(3,1),(2,3),(2,16)
(2,-1),(2,3),(1,8)
(1,-3),(5,1),(2,16)
(1,0),(5,-1),(1,-2),(3,2),(3,41)
(1,0),(5,-1),(3,-2),(1,2),(3,41)
(1,0),(2,-1),(3,-2),(1,5),(3,41)
(1,0),(2,-3),(1,-2),(1,5),(3,41)
(1,0),(3,2),(3,-1),(3,2),(3,41)
(1,0),(1,2),(5,1),(3,2),(3,41)
(1,0),(3,1),(5,1),(1,5),(6,82)
(1,0),(2,3),(3,-1),(5,1),(4,58)
(1,0),(1,2),(3,2),(2,3),(2,29)
(1,0),(2,3),(5,-1),(3,1),(4,58)
(1,0),(5,1),(1,-2),(5,1),(4,58)
(1,0),(3,-2),(2,-3),(1,2),(2,29)
(1,0),(3,-2),(1,-2),(2,3),(2,29)
(1,0),(2,1),(3,-2),(2,1),(1,18)
(1,0),(2,-3),(1,-3),(1,3),(2,36)
(1,0),(1,-2),(1,-3),(1,5),(2,36)
(1,0),(3,2),(3,1),(1,3),(2,36)
(1,0),(1,3),(2,3),(1,3),(2,36)
(1,0),(1,5),(3,1),(2,1),(2,36)
(1,0),(5,-1),(2,-3),(1,1),(0,26)
(0,-1),(1,0),(0,1)
(2,-1),(1,2),(0,5)
(1,-5),(5,1),(0,26)
(1,-2),(2,1),(0,5)
(1,-3),(3,1),(0,10)
(3,-2),(2,3),(0,13)
(1,-1),(1,1),(0,2)
(3,-1),(1,3),(0,10)
(0,-1),(1,0),(0,1)
(1,-1),(1,1),(0,2)
(5,-1),(1,5),(0,26)
(1,-1),(1,1),(0,2)
(1,-1),(1,1),(0,2)
(1,0),(0,1),(0,1)
(1,0),(0,1),(0,1)
(2,-3),(3,2),(0,13)
